540 270
585 225
630 225
675 180
720 135
765 135
810 135
840 180
885 180
945 135
990 135
1035 135
1065 180
1110 180
1170 135
1215 90
1260 90
1305 90
1350 135
1380 180
1425 180
1560 180
1605 180
1665 135
1665 225
1710 90
1710 270
1755 45
1755 270
1800 45
1800 270
1845 270
1890 225
1920 180
1980 225
2025 270
2070 315
2115 270
2160 270
2205 315
2385 270
2430 225
2475 225
2520 270
2565 225
2610 225
2655 225
2700 225
2745 270
2790 225
2820 180
2880 225
2910 180
2970 135
3000 90
3060 45
3105 45
3150 45
3195 45
3105 270
3150 225
3195 225
3240 225
3285 270
3330 225
3360 180
3240 0
3285 0
3330 0
3375 0
3420 0
3465 45
3450 90
3510 135
3495 180
3510 225
3510 270
3510 315