90 225
135 225
180 225
225 225
270 225
315 225
360 225
405 225
450 225
480 180
540 225
570 180
630 135
660 90
705 90
750 90
795 90
840 135
870 180
915 225
975 180
1005 225
1065 225
1095 180
1155 135
1200 90
1245 135
1275 180
1320 225
1380 225
1410 225
1455 270
1500 225
1545 180
1590 180
1635 180
1665 225
1710 270
1770 315
1800 270
1815 180
1875 135
1950 135
1995 135
2085 135
2070 270
2100 225
2175 180
2220 180
2235 225
2295 270
2385 270
2430 270
2475 270
2520 315
2700 315
2835 315
2880 180
3060 180
3105 135
3195 135
3285 135
3330 180
3330 225
3420 270
3420 315